Sample	1	2	3	4	5	6	7	8	9	10	11	12	13	14	15	16	17	18	19	20	21	22	23	24	25	26	27	28	29	30	31
Lle-AHam_001	46.41057631039265	12.970129633695123	8.470231370176219	6.379814411240275	4.985556096960221	3.969797651493652	3.128932248858142	2.470723988926787	1.927839384869108	1.5061684434853848	1.18201727378358	0.9171008315618692	0.7318333449348619	0.5778230534866163	0.4736100922589247	0.39342568150055957	0.32883640238384637	0.2813816885043131	0.24349823567523574	0.20327216650513769	0.18593680558158462	0.1664596240033841	0.14919119497528874	0.13480083745187596	0.1160599067237105	0.10702410083691644	0.10240580005033278	0.08694453219959627	0.0832632779494209	0.07723940735822486	1.2381062021771607
Lle-AHam_002	44.3184220593565	13.455570712358556	8.813625015100873	6.550633229976241	5.088113598840253	4.0106033302460435	3.1798035879676236	2.541539987113921	2.0039488785084365	1.571308843071719	1.2386491764990135	0.954563987436073	0.7624053678572866	0.6161785728667499	0.5112274996979825	0.414015624370797	0.35669522409696774	0.30541517335803164	0.26344732815205574	0.23645451616800228	0.21160099464422344	0.18813171988885757	0.1627119155961825	0.15453227560101476	0.13848759714895503	0.12810574638585753	0.11728345346917407	0.10249718117021706	0.09343665686787742	0.08569745902629565	1.4248932871582167
Lle-AHam_003	44.41342697303876	15.221757144833909	9.559535746296845	6.862664027734551	5.184188513830501	3.9957133282000754	3.1053022839118083	2.393322498918567	1.8510892659095322	1.4304834888754716	1.0919045646239876	0.8434554497369449	0.6656059411708731	0.5209993314021979	0.4164504146843857	0.34136301702576616	0.2831879441303221	0.23149523650037046	0.19588378116365937	0.16687935196293083	0.14556234310910027	0.12175211684546498	0.10882893993797707	0.09943782102771254	0.08310724699349145	0.07562759476407722	0.0660702613598257	0.05493389026269785	0.05094474240701026	0.04849307862070227	0.37053366072048166
Lle-AHam_004	45.74208606552365	14.807252343187713	9.170738247373043	6.532933716764737	4.917376390705065	3.803362921084183	2.941819916178356	2.2840559964453027	1.7696032626394895	1.3635398044101255	1.071300938543326	0.8371746679814094	0.6592586318492352	0.5253686616845948	0.4282576684393348	0.35338617971059655	0.2947300527271023	0.254508708509849	0.21705031699220442	0.19626023028531336	0.16872129190232918	0.15196239847847365	0.13692468870355465	0.11762931411284533	0.1152287158656444	0.10050806623658212	0.09086037894122748	0.08003503967554781	0.0719726531094768	0.06689969077576918	0.7291930411639187
Lle-AHam_005	45.67044101979075	14.952123187664718	9.334093869568996	6.637455161251447	4.972437763504919	3.7881330419864976	2.915052807814318	2.237532175148038	1.688784155110981	1.3062593956713773	1.0021889423600918	0.7865596346353195	0.6177436368708351	0.49862176814111786	0.4061474758503338	0.3467545892648198	0.28952231698516523	0.24160469304632692	0.2059785638252668	0.18341214774184594	0.1667994244123489	0.1426005441867232	0.13290178663597635	0.11777748649496025	0.11249598485841494	0.09631538439008978	0.09093785545106185	0.07898245629197294	0.07595759626376972	0.06669096157419477	0.8376941732073264
Lle-AHam_006	46.74377482452334	16.201679803827847	9.599600907911704	6.5591073468050975	4.800237388363259	3.62735346169833	2.7700501600699705	2.1037821802191057	1.6027513949605883	1.209434439701912	0.9222735482949299	0.7094295004433935	0.5445342545177119	0.4260680386660355	0.3336279157772835	0.2785741804440317	0.22044290711078451	0.18484225148120764	0.15216715666644123	0.13222015111091523	0.11094334518502083	0.09559364948133986	0.08560114955542875	0.0716952371110049	0.0606768911850953	0.05577562696288033	0.04756885896289249	0.03989401111105201	0.03484076970365209	0.031155322962916805	0.24430332518482326
Lle-AHam_007	47.38247533259579	14.000261134728673	8.679149655470631	6.2067934340059185	4.733698734760121	3.6615020020329196	2.852896910748081	2.205184507129259	1.7072735849586396	1.3346652140462405	1.0324649433646507	0.8130977317781309	0.6477124036188219	0.5217078772835249	0.4275730194475176	0.35899005441710796	0.3034638258203281	0.2633108514115315	0.21754207638612	0.1953596639504911	0.17591495431546197	0.1527497767719255	0.1429221256928494	0.12839124159735832	0.11435174005582106	0.10740218679276012	0.09652157309806873	0.08395621921839287	0.08255226906423914	0.07209284041579388	1.2980221150228284
Lle-AHam_008	48.205513597447336	16.266125149459103	9.612907581418568	6.508066794228791	4.754887068434059	3.551752380241729	2.675606675158964	2.005194869799578	1.5185755681222606	1.140686099459371	0.8274660086024486	0.6221762666936714	0.46272361125176104	0.34493295881946406	0.2664058571979327	0.20369077377621198	0.15909732919022923	0.13040473436697742	0.11032880114699313	0.08812091041692205	0.07079875564746661	0.05862883152738766	0.053920758692612585	0.044060455208461025	0.03642094079731658	0.03020273139289667	0.028337268571570703	0.024872837617679614	0.021319575100868238	0.01661150226609317	0.16016330794527267
Lle-AHam_009	46.01167161682723	14.460011725022728	8.999561828860791	6.3687750264298515	4.814602629755098	3.715776224421304	2.8948425679013545	2.243776088479012	1.7229471803505128	1.3711358099915159	1.060471258522186	0.8476366068318284	0.6642358890079733	0.5368506783156264	0.44163038504440577	0.37080687819449215	0.3118176334146155	0.2601716999705054	0.23492527422109316	0.2044596354561774	0.18297589815980259	0.16179560348060817	0.14716966933251122	0.12726383364547464	0.12022396492688853	0.10923934218495678	0.09916504729456631	0.09400652280249891	0.08393222791210846	0.08114055583404844	1.256980697408236
Lle-AHam_010	43.69794503384906	15.44047266499475	9.683833838290752	6.892161390327598	5.180511059706469	4.002617632988803	3.0565421151054406	2.389087121204277	1.8328815293272227	1.4141430876057979	1.0879330018493247	0.8518904321786617	0.6755315513824374	0.5329285390335882	0.4302527134126769	0.35603122107194557	0.3078618038887589	0.25468077924283306	0.212599843853222	0.18849442613988182	0.15883896379838428	0.14102911909608826	0.12910066496989928	0.11091805607615986	0.10052207695923823	0.08486598091861522	0.0780733889856465	0.06825726527763684	0.06498522404163362	0.05591462871651076	0.5190948457066884
Lle-AHam_011	43.62433140596348	12.850246973521068	8.628524538855697	6.620535517239996	5.3297929113985	4.247603494143657	3.4322498063936244	2.730652403327221	2.1245541034520117	1.6899930582584655	1.2935514029941777	1.0147782855904695	0.7938864523688192	0.6610704727205607	0.525646324287669	0.4373698423462284	0.3608301199356384	0.3106730279234563	0.2648294458243218	0.23172576509628154	0.1998258545765337	0.17906081848349029	0.16521746108812801	0.1444524249950846	0.1374304321133791	0.12378770308606554	0.10823900456228908	0.10362455209716834	0.09680318758351156	0.08737365428522131	1.4813395554877877
Lle-AHam_012	42.53117775389925	12.812258562966777	8.799260555146068	6.850669437364758	5.511572696783207	4.435855083017338	3.5543971511540136	2.8187264853280287	2.234985391671921	1.756995568659142	1.3504933085864999	1.0589187765118213	0.8494883384987908	0.661962992235533	0.5522895261099814	0.4349936800850154	0.38037895808727107	0.32043597052877115	0.27003945876662494	0.24406416415794163	0.21157654497500153	0.18863540158841516	0.16554625082514113	0.155333741833693	0.13609278286429796	0.12070001568878193	0.10730534809854923	0.09694483173041343	0.08717634486902827	0.08214409406164803	1.21958078390627
Lle-AHam_013	61.415183004681516	9.225599375797986	5.419208398354376	4.251932898283445	3.4770002837281884	2.9804759540360335	2.4209994325436233	1.9962938005390836	1.6292204568023834	1.3339658107532983	1.0161015746914457	0.8188218186976876	0.6747410980280891	0.5155873173499788	0.40830259611292385	0.33825719960278056	0.26909845368137325	0.22742587601078168	0.15959710597247836	0.14452404596396654	0.13033763654419067	0.10462476947084692	0.09664491417222301	0.08112852886934317	0.08112852886934317	0.05452901120726344	0.056745637679103414	0.051869059441055465	0.050982408852319486	0.04566250531990353	0.5240104979429706
Lle-AHam_014	43.84975243085886	14.99997107577213	9.460536450979442	6.826162275598052	5.180685201608544	3.984290139374729	3.107619042109671	2.377527031915883	1.8331730634450711	1.426676414873105	1.1104678560605825	0.8566911306302678	0.6873731505737455	0.5457334316460423	0.4446321305452751	0.3710310953249103	0.3166535469335646	0.2624539937906358	0.22903538590037337	0.2036710630009732	0.17488033156954874	0.15694731029155176	0.1399487640677432	0.12833457410854418	0.11213700650261141	0.09776389019295129	0.0916230541225702	0.0826787928896238	0.08089884040545538	0.0703526219367574	0.7902989029707852
Lle-AHam_015	44.91887436136004	16.016845404240733	9.760010120300997	6.799740463248617	5.064598534188662	3.8444085336989704	2.963575077942641	2.260336581623492	1.7670535233338232	1.345795994319573	1.0177839805429052	0.7862412875634559	0.6174607838336353	0.48140802768392016	0.37302286861564077	0.3012421853320928	0.24549891451610273	0.20844555441294094	0.17437115387754434	0.14539771150612932	0.12683022378923658	0.10177431728775933	0.08904232571046145	0.07569821915348579	0.06590437947864126	0.0580285000734538	0.048846775378287056	0.04346016355712257	0.03501297683756917	0.03236047859229878	0.23093057799977146
Lle-AHam_016	48.6197415119251	10.899655476129912	7.408561011526235	5.9320054196321506	4.9399635576458865	4.040844507431229	3.3016149880861536	2.7025483691786976	2.1605851541532344	1.6814356833979642	1.3254911325335395	1.0375515444740344	0.821250772193757	0.6380007579179061	0.5269086812747557	0.4303520165288398	0.34833076368015864	0.3085314215805876	0.2635408609462899	0.22028070649023446	0.20176536038304269	0.1681954805251437	0.14743060638623703	0.14258546908715883	0.1218205949482522	0.11645633579570132	0.10001747710240023	0.09603754289244314	0.08444382149822029	0.08029084667043895	1.1337621279843018
Lle-AHam_017	44.13684370709706	14.0192371498018	9.15510877130543	6.740153787433403	5.242318735972738	4.128037559591175	3.2422256020236677	2.5419331447925235	1.976726491369726	1.5311803314404413	1.1835911286587297	0.9325036650703618	0.7199586884411622	0.5792599010950723	0.4630503530358757	0.38101763807315836	0.32925345655841787	0.27786347394619354	0.23774103606529023	0.2089692982273782	0.18061333694781753	0.15699722843346203	0.14107298624860612	0.12469138984956371	0.11666690227338306	0.10677142018462142	0.09467232233659773	0.08914249411052505	0.07775021641169862	0.07105621382224223	0.8135915693818816
Lle-AHam_018	44.05832841015482	14.644258624444017	9.260889259263003	6.684466675058275	5.095880241347532	3.9841453744938624	3.108814954947174	2.445357312504996	1.9114489396713858	1.4914244815043152	1.1660353053917303	0.9133682901977143	0.7167014734621536	0.5677198134123003	0.4693174958585579	0.3937011491295851	0.3247000842529647	0.2699402511418252	0.23989584606239128	0.203741493160993	0.17875042838543942	0.16069622166339426	0.14356080408750915	0.12784950968817216	0.11760501070848749	0.1085089981615029	0.0971619522064262	0.08668775594020153	0.07910774548438104	0.06831197301700036	0.8816241251978841
Lle-AHam_019	47.084139030577894	17.34421540798354	9.944323851690664	6.552764865675233	4.653698307452273	3.4036332232737427	2.542412441581339	1.9111856811216383	1.4327945261063861	1.0847063850721133	0.8236963863468654	0.628802935879965	0.48382231749947485	0.3732689852793054	0.2940009443938733	0.2323729601720736	0.1889685459386575	0.15364354697102722	0.12491673713712205	0.10534659793777414	0.09004059457314655	0.0786845275606809	0.06427623700336284	0.058351332475119894	0.045918010093882806	0.03918516403906128	0.03424774359885883	0.029938722123773052	0.027021155500017057	0.023205876068951525	0.14641695887218545
Lle-AHam_020	47.945123568820826	13.550503412933354	8.543913356549421	6.215623276163366	4.751914906160123	3.6768724813562463	2.8544839754251954	2.231355193511847	1.7274790613064732	1.3529617355639867	1.0405130558912579	0.8136298367434595	0.6513418028541471	0.5156666484194392	0.43827033127139664	0.3618004118258878	0.30579545980907785	0.2616652419792908	0.22545151360751897	0.19892285212587218	0.1706256132121156	0.1469603628110275	0.13331705119189488	0.12253715065332094	0.11007289065559482	0.10249327308941002	0.08977635917281107	0.08320735728211757	0.07790162498578822	0.07242745674354364	1.2273927378841918
Lle-AHam_021	44.19905782514013	16.42061484580212	10.000972857281837	6.94306726933928	5.156798401520651	3.872252613618505	2.9266633988640023	2.257449841723604	1.7210219491569818	1.299278963083808	1.0081701302880406	0.7743102067695901	0.5870351800160147	0.4505077566659433	0.36561660442874566	0.29639406706728433	0.24503842786263255	0.19705037155664648	0.16880009279561767	0.1401288661722556	0.1212329843519648	0.1050966496291917	0.09022315849341825	0.08086876155268023	0.06781937782035068	0.06042940423716764	0.05332006256220675	0.045789773024912626	0.04340440180502443	0.03783853562528531	0.2637472217441086
Lle-AHam_022	46.84492029258075	13.65430982927377	8.50194431440254	6.161122371387052	4.773447457507868	3.7429067026754956	2.9828380766306126	2.3424455876105092	1.8459486008242703	1.4647980321427507	1.140542676145143	0.9049789061506364	0.7156213552561435	0.5869475211006145	0.475660214483451	0.39643988861798074	0.33365896427711284	0.28278476696640953	0.24706458587591568	0.213238656812948	0.18381009852816615	0.16439401524602273	0.14518088753825714	0.12759140442551395	0.11764658128100146	0.10567220239271091	0.0903152305981236	0.08233231133926325	0.07942328143984803	0.0736052216410176	1.2184099648480944
Lle-AHam_023	44.995987368201455	13.669530749209672	8.820835849990944	6.532317809411486	5.037409168989844	3.9946296349262167	3.1430319569249168	2.4890094267404477	1.9612824494607484	1.5207622149727529	1.1818055889707866	0.9264104078303242	0.7415657620158834	0.5954734372747977	0.48566584731585494	0.39313136139539756	0.33430186095263414	0.28511837964824555	0.24737552569402266	0.21047389433907662	0.19297646427411744	0.1654965260310725	0.14609232474108572	0.13229627411294478	0.1223137659348591	0.10397511327062299	0.10246091259192461	0.09057163318881128	0.08333711883503007	0.076607338040815	1.2177538347132189
Lle-AHam_024	42.614516271047734	12.630002641487934	8.590986310877232	6.6182868655897	5.4098061355031515	4.402738860431029	3.5963728745086057	2.8974791918082796	2.315833907382182	1.8349924639903041	1.4408410290408291	1.1402422917756496	0.8753165900980459	0.7034903896453673	0.574264656373496	0.4653680214219492	0.37939017884427134	0.3308334153403117	0.2794927307287917	0.2407768046283012	0.20918253717505816	0.18399776250433772	0.16379814888669053	0.1439222470257364	0.1300026414879346	0.12184510521926939	0.1057242597359548	0.10449415506052116	0.09070403422539661	0.08338814852413336	1.3219093296317974
Lle-AHam_025	47.046067154936836	14.093591327020722	8.79657160476885	6.3297229803794	4.785369514796348	3.666515882334006	2.8712555929975077	2.2133954090406216	1.7302078621322936	1.3562966012533735	1.0299925285516063	0.8310927459182342	0.6520151733088012	0.5256274068313774	0.42998947898083345	0.3632377631737222	0.3020769271169527	0.2600606186901416	0.23396984652187983	0.19432542647400156	0.17221603837037713	0.15205498714944762	0.14341453662619208	0.1274042900683951	0.10919157573016042	0.10614200495724672	0.09597676904753434	0.09208009528214459	0.08343964475888907	0.07547687662961437	1.131221336152492
Lle-AHam_026	45.22824172451475	15.244721341984318	9.394359396412018	6.596669019035946	4.932677276438578	3.800542543673593	2.896020716488675	2.247066543379058	1.7782217521827837	1.3600734512645776	1.0714683671494563	0.8364269270042218	0.674954044087701	0.5321828227519071	0.4371757754184578	0.3595019754037311	0.30202857639954567	0.26012903494864864	0.22292119953890954	0.19235994768747763	0.16688137738063355	0.14844036613552644	0.12895675354793978	0.1165107000220901	0.10458594716748022	0.09064115421181619	0.08047579112264054	0.07487180890681294	0.0686813634358406	0.05903730101790472	0.593175001286961
Lle-AHam_027	48.465032827183286	15.28406333344498	9.108139578411883	6.177893977096825	4.475490765897558	3.375909832130513	2.546709039575851	1.95840073134643	1.492705909549732	1.1615115806369203	0.9055140604897578	0.7248446972458266	0.5626297473321552	0.44021328310580554	0.37572134755308273	0.30735464194169326	0.26079172716890253	0.23294592200153547	0.19695653230408935	0.17108094920045105	0.15715804661676752	0.13686475936036085	0.1260942120786434	0.11171159101342311	0.09818273284248535	0.09319150361437237	0.08373443770847412	0.07473709028411259	0.06521435030942338	0.0646889577590957	0.7645118347955665
Lle-AHam_028	45.58964489848061	15.891091761001883	9.844434462608637	6.965544809056181	5.088785682201242	3.880690504938948	2.9499346830790025	2.240061319607851	1.712910497273997	1.3008163584889332	0.9666080119342462	0.739956235602461	0.5581403015704908	0.4215723039771206	0.3255543696402006	0.26011382040113246	0.22286051025496267	0.1678871521410351	0.13458994572720193	0.11546877768757495	0.09890259330841537	0.07763853574710607	0.06601748103336726	0.05835253005196507	0.045165517610843024	0.040055550289908225	0.037418147801683815	0.029753196820281623	0.025549836604673973	0.020357450455982164	0.12412275460206129
Lle-AHam_029	48.727132033557105	13.911020313304368	8.57902947185149	6.134110264804575	4.62783177823696	3.5853881314109994	2.782879203645242	2.1492853567763057	1.674349641233976	1.2851698141869194	0.994015264677987	0.7758927928050744	0.6211297056190556	0.48428382147974025	0.40865504774999534	0.3277679644304569	0.2726530898411406	0.23558525310321413	0.20747601788863937	0.1779385998225158	0.15852829652192033	0.13775472777211917	0.12606959535035597	0.11159301462783826	0.10198523908105522	0.09075452847569396	0.0825100183781166	0.07712187398363692	0.07335666464773545	0.0646577327337562	1.0140747420020138
Lle-AHam_030	46.54112723944031	14.204309400065501	8.804366568646852	6.326270583293119	4.765822909325307	3.6990618103461244	2.8899065050670574	2.2652761045745278	1.7564873031358241	1.3749390992592387	1.0808217925706303	0.8537097664536154	0.6859651132782709	0.5440273298222104	0.45370328580471725	0.3758776360907337	0.31159191353888566	0.26397071672505035	0.23098884286856664	0.20124729346114098	0.17526683493208628	0.1533367819643541	0.13817669257768966	0.12747204930848005	0.11699885778563171	0.10357465649667692	0.09356436846655117	0.08772021187092863	0.0811817000362222	0.07308088891357707	1.2201557438801265
Lle-AHam_031	45.16096392616214	14.080477925266221	8.89877388189344	6.5003118618174245	4.973115278663854	3.91326013645914	3.0852230702689045	2.4099104127644355	1.8607200896489904	1.4670093900571897	1.1440317058722653	0.8919770519106227	0.698541968810018	0.5752698566670736	0.4653937890807035	0.38354490691411663	0.32411777308335615	0.27414387636875986	0.236283424200002	0.2040759128193021	0.18759212749614151	0.15785480872871063	0.14745149753051995	0.12968511219662354	0.11742915653848109	0.10536321569674395	0.09733508970361963	0.08645674146441569	0.08165886735018163	0.07662347471544094	1.2654036698511566
Lle-AHam_032	44.947686599596544	15.76592730146993	9.564025653071948	6.612356359383933	4.858460537691502	3.663466982465212	2.821708184723616	2.1872848460250434	1.676011820206103	1.2995184257516663	1.0106387414760802	0.7998747184175972	0.639844176398692	0.5079834576419449	0.4250956059708906	0.3511961518538802	0.29772908599116543	0.2568179775364192	0.22267133322028337	0.18806136944259888	0.17406912170382952	0.15233943895719762	0.13811553148765393	0.11661750847179635	0.10925072903317276	0.09752874665599179	0.0906716186250717	0.08094190993254996	0.0743164416324042	0.06699599413993546	0.8027936310253537
Lle-CNas_001	55.15340053967215	22.787386481128067	10.958910348964999	5.311677909294216	2.638368256294169	1.3576391848569063	0.713533251911854	0.4048517137876669	0.23710698248830894	0.14965588905683608	0.09265651565953675	0.06038289784554081	0.04053722560104733	0.027588737808738474	0.019194994465985493	0.013469030015115244	0.010085505566873734	0.006311574451527434	0.0042294055603018885	0.0029931177811367213	0.0027979144475843262	0.002017101113374747	0.0009760166677619743	0.0009109488899111761	0.0011712200013143691	0.0006506777785079828	0.00019520333355239485	0.00026027111140319316	0.00013013555570159658	0.00019520333355239485	0.0007157455563587811
Lle-CNas_002	54.034765781122154	22.46767944443031	11.094651853882283	5.526972983930203	2.808131657279419	1.5107956769692499	0.8531001717689908	0.5190000467789416	0.33943456569856145	0.22453891966906772	0.16101804107847617	0.11062809346268396	0.08305313841560545	0.06155123894437163	0.04628653168616747	0.037012811685215474	0.028395638233003447	0.021173626196863842	0.015018502302426679	0.012556452744651812	0.008535105133619533	0.008617173452212029	0.006155123894437163	0.004103415929624776	0.003611006018069802	0.0022158446019973784	0.001805503009034901	0.0015592980532574147	0.0011489564602949372	0.0017234346904424055	0.00475996247836474
Lle-CNas_003	55.92199149185541	22.168315300552376	10.521707163553886	5.076535318567072	2.5809304697928312	1.3934257219442847	0.7956037635517162	0.4895031851281105	0.3151214906616602	0.2131783997308648	0.14196067153569839	0.10431701520396758	0.07284556198248451	0.0515480699317395	0.04028888623612272	0.028554917685871487	0.019940963894646595	0.014786156901472648	0.012615711851715193	0.009427870684883936	0.00678264078049204	0.004476542915124747	0.00345914679805094	0.0026452299043918954	0.0024417506809771344	0.002034792234147612	0.0015600073795131691	0.0010852225248787265	0.000678264078049204	0.0005426112624393632	0.00169566019512301
Lle-CNas_004	50.17679365138735	21.987058405490828	11.731966860541228	6.308840305960241	3.4752794349585137	2.0139265520874243	1.2170460000124677	0.7831036137968869	0.547150168627231	0.3974740201853964	0.29598598617319044	0.2151945291217046	0.17012336905363032	0.13109910044697126	0.10990381078840243	0.08303566419180491	0.06427159893524839	0.052364833274111205	0.04313864836391065	0.03466053250048313	0.02693048568382862	0.022816105926577023	0.019262777954405192	0.015834128156695527	0.013402903754683223	0.009350863084662715	0.008478115863427527	0.0077923859038855955	0.006233908723108476	0.004550753367869188	0.02693048568382862
Lle-CNas_005	56.516938271604936	22.211061728395062	10.576098765432098	5.060839506172839	2.4828641975308643	1.2589629629629628	0.6928395061728395	0.3913086419753086	0.2500740740740741	0.15911111111111112	0.10745679012345678	0.06992592592592593	0.05698765432098766	0.04434567901234568	0.030123456790123456	0.020641975308641976	0.016	0.013135802469135802	0.00908641975308642	0.007407407407407408	0.004049382716049383	0.0044444444444444444	0.0032592592592592595	0.0026666666666666666	0.0019753086419753087	0.0011851851851851852	0.0016790123456790122	0.001382716049382716	0.0010864197530864198	0.0007901234567901235	0.002271604938271605
Lle-CNas_006	57.30473451068706	23.079736154189977	10.634669619576151	4.842668044456175	2.202194794902399	1.0115388770200633	0.4684396236493958	0.22463959385161433	0.10881806208047316	0.05559829947827454	0.028839759622420486	0.015724771569613	0.00954718273869361	0.004856179455321662	0.002940135860704952	0.0019490788290066534	0.0011231979692580716	0.0007598103909686954	0.0005946342190189791	0.00013214093755977314	0.00026428187511954627	6.607046877988657e-05	0.00013214093755977314	0.0	0.0	0.0	0.0	0.0	0.0	0.0	3.3035234389943284e-05
Lle-CNas_007	55.97977844021793	22.567266705694408	10.55747782979813	5.001190296166647	2.434193091491104	1.2508590344976276	0.7043708573576024	0.420271866638918	0.27391784111717155	0.18588084162173735	0.13549912337307474	0.10465622899202126	0.07793071128805018	0.05996397669714524	0.04873476757782965	0.03608319197006742	0.029121082316091756	0.022757863815146256	0.02073660617366945	0.016918675073102154	0.011977823060603294	0.009806842630868947	0.007411278018748288	0.007186693836361976	0.004791129224241317	0.005689465953786564	0.004267099465339924	0.003219039947537135	0.003069317159279594	0.002320703217991888	0.012651575607762228
Lle-CNas_008	53.35504145521595	22.045250278367725	11.139409783248542	5.701083231072222	2.998864077268004	1.6748370312213872	0.9850744383707543	0.6194602718216089	0.40553634286203416	0.27601729633550903	0.20311898141619186	0.14116593803432748	0.10594461552278056	0.0806862965901971	0.062233691370004195	0.04672789002527936	0.03718585842852562	0.02645107288217766	0.0201364931490318	0.013892075412920892	0.014032399406990801	0.009963003578963469	0.007858143667914848	0.005963769747971091	0.004420205813202102	0.004069395828027332	0.002525831893258344	0.0028064798813981604	0.0021048599110486204	0.001683887928838896	0.006454903727215768
Lle-CNas_009	57.362620153851005	22.71527424144784	10.445667701653425	4.859950068273075	2.2998224449421594	1.1029030702604292	0.5642104883665385	0.2809786257959559	0.15564233020734286	0.08731292501678661	0.051261136622758594	0.029573732666976115	0.017011937648431973	0.01160416938932777	0.00597107745276089	0.004562804468619171	0.0025348913714550955	0.0012392802260447133	0.0007886328711193629	0.0003379855161940127	0.00022532367746267516	0.00011266183873133758	5.633091936566879e-05	5.633091936566879e-05	0.00011266183873133758	0.0	5.633091936566879e-05	5.633091936566879e-05	0.0	0.0	5.633091936566879e-05
Lle-CNas_010	54.84706195144611	22.493078136078037	10.885509620321248	5.306991540962765	2.6355035083001246	1.3646615162702003	0.7794354937290663	0.4653540082634525	0.31255348018482754	0.2056695107938293	0.15707894286482654	0.11444759553089015	0.08709630100481627	0.06860743710730265	0.05118817690633939	0.04385375155856539	0.03583172383443757	0.02689289294183801	0.017954062049238443	0.01780126152115982	0.014974451751705253	0.013064445150722442	0.009626433268953377	0.00817482825220644	0.0062648216512236265	0.005653619538909127	0.003285211353690438	0.003285211353690438	0.0029796102975331883	0.0023684081852186883	0.013752047527076254
Lle-CNas_011	55.51623285675191	22.40495078518478	10.845099870595671	5.295728849899859	2.6071379847314193	1.3466768597129533	0.7351748088602005	0.43753678094018744	0.27124051364557744	0.16484319311436582	0.11358196508908555	0.07927326916665388	0.050453964591811284	0.038748644806511065	0.026155335244394964	0.01743689016292998	0.012189677845381606	0.010252245605056052	0.0070231918711801304	0.004601401570773189	0.00371341179395731	0.00330978007722282	0.0019374322403255533	0.0007265370901220824	0.0013723478368972669	0.0008072634334689804	0.0010494424635096747	0.00024217903004069416	0.00032290537338759223	0.0004843580600813883	0.0016952532102848593
Lle-CNas_012	55.75224564367356	23.3336297180746	11.171005527575424	5.234683789236576	2.394100673428473	1.1152005148626363	0.5179852612102236	0.2412360090524368	0.11336716353451505	0.058853541480103064	0.029638474126670603	0.014713385370025766	0.009262023164584564	0.005027955432203049	0.0032284766459409055	0.0021699597128455265	0.0009526652397858409	0.0011114427797501477	0.0003704809265833826	0.0002646292332738447	0.00047633261989292046	0.00010585169330953787	0.0001587775399643068	5.2925846654768936e-05	5.2925846654768936e-05	5.2925846654768936e-05	0.0	0.0	0.0	0.0	5.2925846654768936e-05
Lle-CNas_013	55.458122963469044	22.87122764266017	10.911685857625036	5.276720206147133	2.581479238484425	1.2904196143781386	0.6773702960284996	0.37320567272622546	0.21392325163342485	0.12952196873392477	0.08048122331459438	0.049600753931459754	0.030240459654986753	0.018240277252214235	0.013280201859068258	0.007280110657681997	0.005120077825182943	0.0044000668810165915	0.003040046208702372	0.0013600206723142192	0.0005600085121293843	0.0008000121601848348	0.0003200048640739339	0.0004000060800924174	8.000121601848348e-05	0.00048000729611090084	0.00016000243203696696	0.00016000243203696696	0.00016000243203696696	0.0	0.00016000243203696696
Lle-CNas_014	52.41799419187173	22.359009607188206	11.293403922407395	5.797018687969366	3.0747051549474476	1.7167930078192732	1.0204198174083954	0.6448745915673121	0.428341672437763	0.3079533148589032	0.2205822041192649	0.16607259848847458	0.11862328463462471	0.0941718329659559	0.07236799071363975	0.05866271844075533	0.04220600893126909	0.03457466414295845	0.0269433193546478	0.022634464814309134	0.017339245981603787	0.012199768879272125	0.010486609845161572	0.00929258991229664	0.0056586162035772835	0.004776079731459725	0.004101198899840417	0.00347823197834567	0.002959092877100047	0.00301100678722461	0.009344503822421203
Lle-CNas_015	56.81540885921857	21.745468391299756	10.133585876833626	4.888676119909062	2.4896055096357483	1.3566338526872814	0.8138413478374457	0.5190991812254382	0.3438658610473422	0.2376280551185917	0.16675652990778364	0.12346931401922147	0.09213298277405046	0.06447919156434301	0.05002695897233509	0.038631929428636545	0.026820008560168536	0.021261457563242412	0.015424979016469985	0.01299311295531481	0.009588500469697558	0.008754717820158641	0.004933214009771933	0.003335130598155673	0.0030572030483093666	0.0027792754984630606	0.002570829836078331	0.0017370471865394128	0.001459119636693107	0.0008337826495389182	0.005141659672156662
Lle-CNas_016	53.858132001390736	22.9402343054366	11.350733105501048	5.574718248348499	2.8196365424895906	1.422538436098132	0.7627328850181898	0.4165323982598814	0.2498982386811733	0.1608040840209289	0.10070130508891395	0.07669199392824132	0.054908711616902556	0.0407575282175657	0.03439744579089745	0.024380315968894957	0.01892124521933804	0.01425718477311466	0.011607150428669555	0.01044113531711371	0.00916911883178006	0.007791100972668606	0.005671073497112523	0.005035065254445698	0.004134053577334362	0.00434605632488997	0.0032330419002230266	0.002067026788667181	0.0018020233542226705	0.0022260288493338876	0.011501149054891751
Lle-CNas_017	59.22196152071597	22.69421499877793	9.902786356317433	4.400718197313121	1.970102663729389	0.9053018549986617	0.4375566439224603	0.21745454521972918	0.10964745888139572	0.06079686839625093	0.03270697168635273	0.019210906370562563	0.010331916031226924	0.006812607133090253	0.00397133022450285	0.002550691770209147	0.0014529256918912863	0.0010009043655251084	0.000452021326366178	0.00032287237597584137	0.00019372342558550485	0.00012914895039033654	9.686171279275243e-05	6.457447519516827e-05	0.0	3.2287237597584136e-05	3.2287237597584136e-05	0.0	0.0	0.0	9.686171279275243e-05
Lle-CNas_018	56.07947759855253	22.646387218796608	10.588021978585232	5.017068257653807	2.444207812443939	1.2598731925842777	0.7066924997052778	0.4120984730828964	0.2560879348433359	0.17029815632063722	0.1174403764242769	0.08309883700070221	0.053626620331216464	0.0425425040620403	0.033700839061194574	0.023962193553016674	0.015248668624646975	0.012173306885222375	0.009162015182035788	0.007752474384799512	0.004420832500422862	0.00384420217428075	0.002434661377044475	0.0027550115582345375	0.001665820942188325	0.001409540797236275	0.0008329104710941625	0.000384420217428075	0.00044849025366608744	0.0007047703986181375	0.0021783812320924248
Lle-CNas_019	57.25112237988055	22.66867902981814	10.274280223309642	4.69519487369636	2.1972359600243014	1.0671965657525733	0.5602760210218836	0.3366704441995721	0.21638126274046957	0.15214579536216444	0.1106277493737477	0.09208824456131005	0.07102458181666257	0.05474811515034407	0.04099580641623538	0.03594749055181574	0.02837501675518627	0.024893419607310657	0.017930225311559425	0.01645054652371229	0.012098550088867767	0.012011510160170878	0.009139192513173494	0.007659513725326356	0.007050234224448123	0.006092795008782329	0.005309435650510315	0.0040908766487538495	0.0037427169339662877	0.0036556770052693973	0.01688574616719674
Lle-CNas_020	56.502300523860626	22.578672071746592	10.44301023281514	4.893394893155809	2.3432934150825107	1.2108299950057912	0.6633265681284468	0.3948878428205591	0.25914099607901475	0.17333623776684484	0.12957049803950738	0.09105133409131964	0.07145969035905174	0.051801634275149035	0.04197260623319767	0.03220999054288112	0.023709209533625902	0.020255767248615966	0.017267211425049677	0.010891625668108256	0.008899255119064064	0.007106121624924289	0.005777874592228161	0.0045160399111668385	0.0035862669882795483	0.0034534422850099355	0.0028557311202966774	0.0018595458457745808	0.0015938964392353547	0.0015938964392353547	0.006375585756941419
Lle-CNas_021	54.73832531369979	22.552315963692514	11.01876381578042	5.445372180079589	2.741200955934202	1.4408652280393466	0.7958056322722453	0.46787566516949236	0.28727232240219547	0.17122080937486056	0.11450860753613422	0.07560236906883151	0.05012357838981549	0.03265121620567848	0.02172577732204149	0.014469951498557383	0.010675237993172017	0.006546923300500027	0.004878917364066898	0.0028773102403471455	0.0024186086078280353	0.0014595051943789867	0.0012927046007356739	0.00041700148410828196	0.00037530133569745375	0.00045870163251911017	0.00020850074205414098	8.340029682165639e-05	4.170014841082819e-05	0.0	0.00016680059364331277
Lle-CNas_022	55.082509423631734	22.786367848042623	10.830398319540084	5.2216922526165055	2.5736648977614927	1.344315286288879	0.7226977909743719	0.44156821867037294	0.28139280224061325	0.18544549034472593	0.1385247541432392	0.0959473118958873	0.07047981552846042	0.05067176279823952	0.03843157074567777	0.029415945416640343	0.020137090150988694	0.01776802072146061	0.013951186640554256	0.01085823488533704	0.008423357971655401	0.0077652831301198225	0.005198791248131067	0.004014256533367027	0.003553604144292122	0.0027639143344494283	0.0019084170404531765	0.0017109945879925032	0.0017109945879925032	0.0012503421989175985	0.005462021184745299
Lle-CNas_023	54.501597740008336	22.383457602000647	11.009493817440838	5.499930533043116	2.839160839160839	1.5220210253322837	0.8512944009632751	0.5003473347844208	0.31389802250729404	0.19288658361506045	0.12601305978789423	0.08405501782985227	0.05816699856434956	0.03834576020006483	0.025424906219608207	0.01829296531283286	0.011114713101468068	0.007780299171027648	0.006020469596628537	0.0035196591487982216	0.0018524521835780114	0.0014819617468624091	0.0013430278330940583	0.0009262260917890057	0.00041680174130505256	0.0003704904367156023	0.00018524521835780114	9.262260917890057e-05	9.262260917890057e-05	0.00013893391376835085	0.0002778678275367017
Lle-CNas_024	54.504128900840435	22.046059042915655	10.645236926368545	5.309026429361724	2.7905800977454076	1.5706675850143248	0.9331242626962786	0.5959245880258212	0.4210965950306645	0.28854678810348994	0.21058493372509654	0.1595873297332151	0.11730914366523297	0.09122416231306374	0.06477281886325167	0.05158378334810994	0.04000674106259663	0.033925130241725714	0.02564534683499784	0.020149915370355445	0.0172922910087414	0.01282267341749892	0.009378869699656352	0.00849960066531357	0.006081610820870916	0.004909252108413872	0.005495431464642394	0.0032972588787854363	0.002271445005385523	0.0013921759710427398	0.009378869699656352
Lle-CNas_025	54.026201282524475	22.629042234421266	11.101769438083595	5.529770990433297	2.8173374416998356	1.4969538619130494	0.8546153597785686	0.5133769873653169	0.317623917327882	0.21183369092666796	0.1424464448849381	0.0952808442452586	0.06875415073113011	0.050584315316918024	0.0384288853534033	0.02823605085274773	0.018802930724811828	0.015384216047573313	0.00993959637641568	0.008546786693096284	0.005761167326457497	0.004368357643138102	0.003418714677238514	0.0024057621802789546	0.002595690773458872	0.0018992859317991748	0.0008230239037796423	0.0006964048416596973	0.00037985718635983495	0.0004431667174198074	0.0022791431181590095
Lle-CNas_026	59.79016477857878	22.636574290796744	10.052019941953	4.336848141559779	1.8359118996348658	0.7868820803295571	0.3240274787004962	0.12946470367943078	0.05617451549480386	0.025746652935118432	0.011117872858346596	0.006144087632244171	0.003218331616889804	0.0010240146053740286	0.001609165808444902	0.0013165902069094653	0.00043886340230315515	0.00014628780076771837	0.00043886340230315515	0.00029257560153543675	0.00043886340230315515	0.0	0.0	0.0	0.0	0.0	0.0	0.0	0.0	0.0	0.0
Lle-CNas_027	53.41905739689673	22.635027022838656	11.251728880537746	5.623384925323983	2.8558588226178254	1.5190128431125662	0.8628712008213394	0.5145768359064758	0.33302985103539123	0.23144722313697383	0.1694593495147512	0.12165120198361196	0.09150959843480619	0.07089863045541715	0.05981829804544486	0.04494120837611142	0.03603045154291692	0.02990914902272243	0.02378784650252794	0.0175115742982779	0.014257210933111211	0.011855180830250084	0.010847877883888964	0.009065726517250062	0.006121302520194487	0.005423938941944482	0.004649090521666699	0.0037967572593611376	0.0037967572593611376	0.0030219088390833542	0.01565193808961122
Lle-CNas_028	51.59514569431648	22.14092270629669	11.360460648508223	5.969963717681282	3.247726206097929	1.8042110889082998	1.1106058974389657	0.7289036730363475	0.49431169290453986	0.34946161506174905	0.26045094308767985	0.19703333213677465	0.15189647905955803	0.11852578650467921	0.09240092161609877	0.07072991410038064	0.055041700070596965	0.04866005368560022	0.03722627057914771	0.031908231924983745	0.02659019327081979	0.018546659806396804	0.015488787580252527	0.013029194702701696	0.010370175375619718	0.008309435397131184	0.007977057981245936	0.005517465103695106	0.003922053507445919	0.004121479956977067	0.020540924301708285
Lle-CNas_029	53.99924597896898	21.69581120427504	10.644628296479478	5.402093154424104	2.901588318443573	1.6570557169814888	1.0157399403348528	0.6671792948610183	0.4780771866858587	0.3405031647993538	0.25694410595288664	0.199845415741134	0.1451341272107091	0.11638583196472217	0.09111916417067137	0.0813706073052502	0.05789449077219513	0.04884225939716118	0.03899422746168469	0.028051969755599704	0.025366142864106114	0.019497113730842345	0.01561758599868494	0.013031234177246668	0.00885328123492331	0.007659580394259493	0.0061674543434297215	0.005272178712931858	0.005073228572821223	0.00467532829259995	0.022282415692391252
Lle-CNas_030	57.01057423452804	22.648906533857584	10.362316069560393	4.7577491782666295	2.2200927007703375	1.1243150319418704	0.6014534649780918	0.3575160850847189	0.2268720367515577	0.16254882029394627	0.11317918210775822	0.08475596844680836	0.06569300988705483	0.05108187997299224	0.03972400945385765	0.03236136977059955	0.02602607515942398	0.021003499251464965	0.017065343141815285	0.01261351449612434	0.010958347435546939	0.007876312219299362	0.00810461112420659	0.006335294611175574	0.004508903371917751	0.004280604467010523	0.0034815582998352257	0.0034815582998352257	0.0029108110375671552	0.0021688395966186647	0.010045151815918026
Lle-CNas_031	54.578716026267756	21.27511071843036	10.441184209433017	5.31545404942792	2.831594428487942	1.611129729594988	0.9991663227632661	0.6632027054349663	0.4852500062318066	0.35548994463386063	0.26256678419392276	0.2114659701814979	0.16922816998152618	0.13696126032056413	0.11161858020058107	0.09541588307469027	0.07311986395273798	0.06176412750553246	0.051654752375703154	0.044038099880626284	0.0337902401599774	0.03032812538948791	0.027835402754735485	0.021049657804576086	0.015648758762612482	0.013294520718679632	0.011771190219664258	0.010524828902288043	0.00844756003999435	0.0060933219960614985	0.04708476087865703
Lle-CNas_032	54.07187580846078	21.818085295696633	10.569993823920418	5.280473270136935	2.771459633413039	1.6112389694171905	0.9964723070872382	0.6593301421096471	0.49423590829493846	0.362339971497318	0.26633408552898197	0.2166861818818051	0.16629056884235144	0.12449361381408057	0.10520271149334014	0.0850893288410953	0.06878926408946193	0.05495664033234188	0.04359145756973511	0.03813317900611477	0.030880397901030192	0.02878681160265527	0.022431281768302804	0.018169338232325274	0.01428124939248612	0.011514724641062107	0.0109165571272407	0.009271596464231827	0.007103239226629221	0.005832133259758729	0.035740508950829135
